88277 170929001
71291 170929002
98335 170929003
55618 170929004
49547 170929005
22956 170929006
71204 170929007
41208 170929008
38472 170929009
68360 170929010
49754 170929011
46432 170929012
95626 170929013
39953 170929014
60035 170929015
78486 170929016
28320 170929017
23824 170929018
91368 170929019
19733 170929020
35634 170929021
68794 170929022
84464 170929023
79184 170929024
47961 170929025
36199 170929026
21021 170929027
83512 170929028
55278 170929029
00627 170929030
89727 170929031
22873 170929032
14803 170929033
53577 170929034
90001 170929035
06308 170929036
42118 170929037
27624 170929038
82099 170929039
08698 170929040
84441 170929041
22185 170929042
31550 170929043
85748 170929044
95105 170929045
59462 170929046
78695 170929047
04667 170929048
88488 170929049
34395 170929050
98119 170929051
55540 170929052
77496 170929053
28570 170929054
38920 170929055
62158 170929056
28888 170929057
25414 170929058
10191 170929059
83270 170929060
56452 170929061
75186 170929062
65873 170929063
84090 170929064
45536 170929065
14206 170929066
24604 170929067
16910 170929068
09491 170929069
85476 170929070
85456 170929071
42549 170929072
27479 170929073
88420 170929074
88259 170929075
30188 170929076
22010 170929077
57661 170929078
26513 170929079
65138 170929080
64816 170929081
10177 170929082
46431 170929083
53010 170929084
78392 170929085
47322 170929086
93923 170929087
49258 170929088
11375 170929089
79108 170929090
94496 170929091
16024 170929092
96905 170929093
61305 170929094
57045 170929095
38562 170929096
40571 170929097
68669 170929098
27660 170929099
29506 170929100
83218 170929101
33911 170929102
07762 170929103
86541 170929104
82166 170929105
42261 170929106
08275 170929107
78694 170929108
55511 170929109
55694 170929110
27674 170929111
10363 170929112
48757 170929113
44205 170929114
05073 170929115
30716 170929116
91934 170929117
85250 170929118
87853 170929119
