29878 170928001
25404 170928002
82210 170928003
70122 170928004
77921 170928005
23218 170928006
31340 170928007
74714 170928008
85517 170928009
29076 170928010
08139 170928011
40252 170928012
75327 170928013
47729 170928014
05903 170928015
88789 170928016
92770 170928017
24293 170928018
89539 170928019
63823 170928020
17711 170928021
54298 170928022
22077 170928023
30280 170928024
99072 170928025
55579 170928026
44338 170928027
89894 170928028
86000 170928029
80987 170928030
10287 170928031
50758 170928032
60972 170928033
25636 170928034
17851 170928035
89361 170928036
30663 170928037
35297 170928038
06750 170928039
31772 170928040
04457 170928041
17935 170928042
06443 170928043
13658 170928044
10891 170928045
80317 170928046
82898 170928047
24351 170928048
25311 170928049
72091 170928050
45503 170928051
13353 170928052
54694 170928053
66487 170928054
75750 170928055
73164 170928056
63606 170928057
25301 170928058
83250 170928059
04398 170928060
61434 170928061
46046 170928062
54213 170928063
65826 170928064
67241 170928065
37728 170928066
17477 170928067
81146 170928068
16660 170928069
80091 170928070
73497 170928071
49322 170928072
39491 170928073
30185 170928074
39205 170928075
20207 170928076
29273 170928077
82927 170928078
31332 170928079
84882 170928080
76734 170928081
06809 170928082
68406 170928083
05837 170928084
13103 170928085
37014 170928086
54911 170928087
87450 170928088
22557 170928089
