68354 171112001
37888 171112002
04847 171112003
97527 171112004
37844 171112005
67852 171112006
75526 171112007
34128 171112008
86833 171112009
63797 171112010
83037 171112011
26019 171112012
57704 171112013
95203 171112014
61581 171112015
63884 171112016
47804 171112017
68667 171112018
82757 171112019
49103 171112020
77484 171112021
16182 171112022
28546 171112023
64632 171112024
18211 171112025
10361 171112026
85745 171112027
03176 171112028
10974 171112029
31558 171112030
35622 171112031
41332 171112032
29507 171112033
51230 171112034
01219 171112035
49749 171112036
00690 171112037
35853 171112038
93102 171112039
71611 171112040
98962 171112041
64860 171112042
00018 171112043
00110 171112044
26943 171112045
71258 171112046
75002 171112047
51762 171112048
95489 171112049
60996 171112050
66115 171112051
37442 171112052
00427 171112053
59187 171112054
83460 171112055
72118 171112056
73076 171112057
17739 171112058
72414 171112059
81407 171112060
04953 171112061
20905 171112062
33470 171112063
93166 171112064
60985 171112065
45013 171112066
12145 171112067
91447 171112068
51974 171112069
37800 171112070
68927 171112071
98384 171110001
05074 171110002
00634 171110003
26471 171110004
16109 171110005
02970 171110006
14664 171110007
06869 171110008
97713 171110009
30352 171110010
27270 171110011
44652 171110012
47436 171110013
21421 171110014
57231 171110015
29784 171110016
31285 171110017
20013 171110018
56710 171110019
35309 171110020
98853 171110021
14715 171110022
24958 171110023
06088 171110024
29171 171110025
58473 171110026
30606 171110027
08727 171110028
83848 171110029
91647 171110030
33981 171110031
83259 171110032
14718 171110033
89062 171110034
44502 171110035
30118 171110036
38021 171110037
33135 171110038
94903 171110039
81859 171110040
49624 171110041
86063 171110042
37334 171110043
29483 171110044
18092 171110045
17202 171110046
97813 171110047
59487 171110048
73367 171110049
61701 171110050
71130 171110051
33910 171110052
74107 171110053
43034 171110054
92370 171110055
47903 171110056
90538 171110057
92083 171110058
62413 171110059
42729 171110060
88093 171110061
31905 171110062
48146 171110063
89182 171110064
03756 171110065
90533 171110066
80526 171110067
21335 171110068
43136 171110069
09741 171110070
89353 171110071
60721 171110072
76503 171110073
59485 171110074
07573 171110075
96326 171110076
15368 171110077
60840 171110078
76089 171110079
39499 171110080
07060 171110081
52631 171110082
88342 171110083
27968 171110084
26600 171110085
65016 171110086
49322 171110087
85318 171110088
88458 171110089
35529 171110090
41291 171110091
76570 171110092
08249 171110093
20739 171110094
14343 171110095
43469 171110096
71112 171110097
31011 171110098
78713 171110099
75194 171110100
00876 171110101
60068 171110102
36345 171110103
11439 171110104
54033 171110105
42518 171110106
86512 171110107
22533 171110108
92993 171110109
72790 171110110
82748 171110111
39400 171110112
94286 171110113
64695 171110114
20808 171110115
71597 171110116
92589 171110117
64550 171110118
91400 171110119
33905 171110120
